7.07218e-09 -3.50986e-09 -79.8262 -65.6169 2.95216e-11 2.09596e-11
6.44414e-09 -3.85842e-09 193.621 11.0624 -2.61127e-11 -1.51005e-11
6.07731e-09 -2.03092e-09 70.3507 15.0714 -3.26784e-11 -2.92774e-12
6.7733e-09 -2.73813e-09 154.546 -107.013 8.79939e-13 -1.85069e-11
6.37842e-09 -1.81258e-09 89.1177 36.8982 3.60932e-11 8.06562e-12
-1.4067e-08 -5.44326e-09 -174.984 -105.375 0 0
-1.07391e-08 1.10951e-08 -258.802 131.466 -1.15033e-12 1.46454e-11
-1.14782e-08 1.03775e-08 -100.211 119.042 -5.77213e-12 -4.26813e-11
-1.20839e-08 1.08317e-08 -59.0027 68.0797 -4.31138e-11 2.90005e-11
-1.10313e-08 1.13126e-08 -222.659 160.893 -3.21331e-11 2.10286e-13
-7.05381e-09 2.44061e-08 -114.286 85.4799 -9.79797e-12 -1.68526e-11
-7.48873e-09 2.43738e-08 -212.765 129.207 9.11601e-12 -2.1298e-11
-7.59532e-09 2.473e-08 -130.796 85.7092 -6.90889e-12 -4.04253e-12
1.31329e-08 3.66366e-08 71.768 361.575 2.07204e-11 1.76029e-11
1.38445e-08 3.66264e-08 194.241 335.612 -1.32618e-11 -5.09847e-12
1.31291e-08 3.62587e-08 -57.2596 199.375 -2.26552e-12 4.62271e-12
1.34885e-08 3.64115e-08 69.3423 132.997 -5.84374e-12 1.83396e-11
1.38201e-08 5.59731e-09 71.1038 -50.9432 -3.10365e-11 -3.14642e-11
1.4161e-08 5.71321e-09 99.5083 -31.9848 2.09367e-11 -7.19312e-12
1.43735e-08 6.00689e-09 199.457 -98.8648 1.77228e-11 1.45184e-11
7.09277e-09 -3.00235e-09 115.288 -50.2041 2.95998e-11 2.12622e-11
7.1315e-09 -2.6048e-09 60.6668 74.3362 -1.47682e-11 -1.46198e-11
6.4103e-09 -2.20708e-09 -41.0264 -71.2833 -1.08478e-11 6.91375e-12
6.72157e-09 -1.98887e-09 212.347 82.6635 -3.81688e-11 -6.36059e-12
7.05569e-09 -2.11786e-09 -65.3732 -67.5192 4.24805e-11 -4.70246e-11
-1.17353e-08 1.14187e-08 -134.526 12.4243 5.05678e-12 -1.64991e-11
-1.18537e-08 1.05608e-08 -34.6719 143.408 5.3793e-11 -2.58095e-11
-1.17321e-08 9.67301e-09 -180.039 39.4348 6.55378e-14 1.81816e-13
-1.17538e-08 1.09957e-08 -25.0392 -30.9099 2.63178e-11 9.25745e-12
-1.63197e-09 2.01781e-08 2.72787 219.872 0 0
2.40047e-10 3.70236e-08 32.3345 333.313 0 0
-6.88933e-09 2.40032e-08 -258.133 49.8338 3.97581e-11 3.52089e-11
-8.09803e-09 2.46956e-08 -116.151 52.4423 2.11024e-11 -1.09028e-11
1.28038e-08 3.68633e-08 177.378 401.02 1.84981e-11 -7.47971e-13
1.24692e-08 3.66805e-08 238.477 509.545 4.06718e-12 3.58218e-12
1.28542e-08 3.72507e-08 362.675 408.669 5.36763e-12 -1.12258e-11
1.22886e-08 3.63492e-08 55.1376 379.653 4.30786e-12 -1.12684e-12
1.34633e-08 5.35093e-09 134.337 61.299 8.73598e-12 2.71995e-12
1.41755e-08 5.3421e-09 173.551 -100.012 2.89055e-12 2.093e-11
1.45146e-08 5.54128e-09 119.54 -126.896 -1.52496e-11 1.87611e-12
7.90775e-09 -3.33432e-09 173.106 -4.06559 -6.67513e-12 1.32794e-13
7.81781e-09 -2.96455e-09 65.3302 7.18377 1.27199e-11 -5.76194e-12
7.40479e-09 -3.29346e-09 29.2337 -223.411 -6.98169e-12 1.65449e-11
6.75882e-09 -2.34893e-09 -34.0347 43.6309 4.41308e-12 -5.09764e-11
8.15081e-09 -1.11527e-09 -39.9579 -1.3226 3.0062e-11 -8.94869e-12
6.42469e-09 -3.01208e-09 211.204 54.4346 2.91225e-11 1.48564e-12
-1.36532e-08 1.62091e-08 -126.745 49.5087 -1.47419e-12 -4.42537e-12
-1.40485e-08 1.62568e-08 -172.395 207.702 8.44718e-12 -1.01835e-12
-1.10125e-08 1.05632e-08 -73.91 96.3323 -2.67988e-12 2.68954e-12
-1.52335e-08 1.00582e-08 -194.995 42.4484 0 0
-7.51114e-09 2.36288e-08 -55.7404 125.562 9.26135e-12 -2.04309e-13
-6.98835e-09 2.47772e-08 67.9656 143.907 -2.01687e-12 4.02057e-12
-7.86729e-09 2.49855e-08 -85.213 221.317 3.48576e-11 -1.59859e-11
1.3505e-08 3.68066e-08 192.751 295.738 -1.58059e-11 -9.97556e-12
1.31792e-08 3.70259e-08 68.3607 247.031 -1.16378e-11 -1.12747e-11
1.27944e-08 3.64766e-08 180.202 130.278 -4.14629e-12 -4.69816e-12
1.34668e-08 4.97086e-09 80.6211 54.0756 9.64111e-12 -2.54307e-12
1.38224e-08 5.20968e-09 155.951 -132.435 -7.65819e-12 -1.71055e-11
1.42029e-08 4.97909e-09 199.734 -49.9506 -4.48376e-11 -3.20796e-11
1.45205e-08 5.15407e-09 186.99 -26.0972 1.71709e-11 2.1039e-11
7.46e-09 -2.88454e-09 -81.9927 -44.8148 -3.44592e-11 8.9857e-13
9.48815e-09 1.5427e-11 -50.0208 84.0758 -7.25583e-11 -1.86083e-12
7.39504e-09 -2.34653e-09 -89.6288 -71.2085 -2.33815e-12 -1.04155e-11
8.33297e-09 -1.46195e-09 -42.0585 46.0771 -4.04883e-11 -1.31659e-11
7.41187e-09 -1.98141e-09 -46.2775 -86.709 1.82832e-11 2.81306e-11
6.42071e-09 -1.40784e-09 -7.40509 68.1976 1.5618e-11 -3.47309e-11
5.08556e-09 -7.16687e-09 214.601 -155.106 -2.00572e-11 1.15287e-12
-1.33384e-08 1.59633e-08 -196.498 166.874 -6.97299e-12 5.44372e-12
-6.9984e-09 2.33697e-08 -186.266 155.995 2.45036e-12 -1.12688e-11
-7.23256e-09 2.40685e-08 -164.628 -25.5351 -8.65992e-11 2.44563e-11
-7.38108e-09 2.32388e-08 -228.295 140.526 8.93094e-12 1.77337e-11
-7.13753e-09 2.37098e-08 -240.345 111.416 -1.36057e-12 3.46523e-12
-6.74856e-09 2.36758e-08 -126.292 192.303 8.61407e-12 -5.4545e-11
-8.61399e-09 2.51378e-08 -78.4795 192.048 4.43686e-11 5.25698e-12
-8.85716e-09 2.48593e-08 -287.952 256.352 -3.60487e-12 1.42486e-11
-7.62039e-09 2.40038e-08 -232.642 219.222 9.44984e-12 1.16488e-11
1.34751e-08 4.55945e-09 176.488 21.1011 9.53649e-12 2.02429e-11
1.38165e-08 4.81261e-09 -19.1987 -82.6102 2.77601e-13 8.55621e-12
-1.06408e-08 2.64793e-08 54.792 393.643 2.1641e-11 -1.14085e-11
1.31225e-08 5.1536e-09 67.106 44.1715 1.18697e-11 5.0292e-13
9.5369e-09 -5.79151e-10 -55.3849 -27.555 7.46429e-12 -8.44352e-12
9.82369e-09 -9.17601e-11 -23.2759 -0.593585 4.96362e-11 -1.5138e-11
9.21298e-09 -8.34894e-10 -41.5985 -58.8826 1.20331e-11 2.87337e-11
8.88524e-09 -6.18234e-10 -2.96651 -38.2876 7.52206e-12 -7.10653e-11
9.95031e-09 -7.33137e-10 73.5421 38.5099 -1.14133e-11 4.85009e-12
8.89341e-09 -1.02044e-09 -47.6823 -79.9896 1.18177e-11 3.61319e-11
7.81181e-09 -1.78327e-09 41.8672 63.1468 -2.08444e-11 -1.23012e-11
6.04653e-09 -6.10482e-09 3.61106 57.1739 1.51891e-11 7.94488e-12
6.39721e-09 2.39305e-08 113.261 130.541 -1.12546e-11 1.73382e-12
-1.14113e-08 1.12053e-08 -172.371 102.314 1.13025e-12 -1.4558e-11
-6.63627e-09 2.32334e-08 -161.28 100.189 -6.99348e-12 1.1264e-11
-7.88828e-09 2.43619e-08 -154.843 205.862 1.84942e-11 5.62905e-12
-8.78345e-09 2.45075e-08 -223.895 285.955 1.79448e-11 -2.36067e-11
-8.67431e-09 2.55134e-08 -126.357 217.445 -3.953e-11 -1.10273e-11
-9.53815e-09 2.51317e-08 23.1101 173.968 -2.16128e-15 1.53833e-11
-9.92427e-09 2.51552e-08 -63.6409 247.302 2.03059e-12 -1.71245e-12
-9.73639e-09 2.54829e-08 -13.1253 256.08 1.78533e-12 5.39749e-12
-1.08006e-08 2.5744e-08 -202.942 318.741 1.66707e-11 8.98216e-12
-1.02375e-08 2.63261e-08 -221.531 205.829 -7.07721e-12 2.33316e-11
-1.03123e-08 2.66972e-08 -37.0881 328.38 -1.66414e-11 -1.2492e-12
9.73023e-09 2.90008e-10 -4.29161 -66.4762 1.31577e-11 9.01742e-12
9.1144e-09 -1.48757e-11 48.2564 167.597 6.51471e-12 -1.20572e-11
9.20471e-09 -4.05679e-10 -42.4321 -175.887 -1.76811e-11 8.80682e-12
8.81788e-09 -2.72267e-10 -1.81589 68.7525 -1.02645e-13 6.23516e-11
8.51199e-09 -5.1946e-10 -102.584 185.234 -1.27546e-11 1.27564e-11
8.48595e-09 -9.00857e-10 111.09 -46.8387 1.61336e-12 2.32286e-11
8.6141e-09 -1.23943e-09 64.2602 51.499 -4.33677e-12 -2.67123e-11
7.84635e-09 -1.41475e-09 -136.324 138.293 -7.83367e-12 3.19279e-11
7.11277e-09 -1.76042e-09 -41.4797 -44.2037 -7.80695e-12 5.2027e-12
5.98687e-09 2.39937e-08 33.847 326.173 1.12546e-11 -1.73382e-12
-1.06571e-08 1.07455e-08 -119.268 -65.6382 -5.4501e-12 -3.68012e-11
-8.32525e-09 2.54223e-08 -54.0035 236.64 2.35739e-11 3.964e-11
-8.45421e-09 2.47713e-08 -176.085 372.921 -4.1972e-11 1.52861e-11
-8.21445e-09 2.50826e-08 -106.936 96.2677 -2.42003e-11 -3.84319e-11
-8.47354e-09 2.58222e-08 34.1286 265.163 1.40169e-11 1.23553e-12
-8.97757e-09 2.52125e-08 74.2171 260.08 -1.09036e-11 3.02246e-11
-9.38878e-09 2.56207e-08 35.9796 121.803 -1.35007e-11 -1.15642e-11
-1.03266e-08 2.56815e-08 -176.496 182.298 -3.26897e-11 -2.60831e-11
-1.05509e-08 2.60847e-08 -39.544 232.058 1.48792e-11 -4.39308e-12
-9.95038e-09 2.66118e-08 -94.1174 357.544 5.32307e-12 -1.34446e-11
9.00104e-09 8.14904e-10 -171.528 47.2247 4.61977e-11 -3.57177e-11
9.10282e-09 3.86721e-10 -86.7921 -32.5655 -1.80833e-11 -8.00793e-12
8.77412e-09 1.23693e-10 50.9013 20.5876 4.08165e-12 4.51644e-12
8.43051e-09 2.60456e-10 -130.683 67.3754 -8.53612e-12 2.48587e-11
8.47023e-09 -1.16005e-10 -61.8453 -231.07 -8.35785e-12 -8.01936e-12
8.13001e-09 -3.00749e-10 36.6612 46.7721 2.9592e-11 -4.30833e-11
8.1566e-09 -7.09435e-10 113.025 17.3718 1.74042e-12 -3.31907e-13
7.44547e-09 -1.59307e-09 -53.4831 42.5373 3.71415e-11 4.64607e-12
6.73692e-09 -3.64066e-09 112.849 82.5086 -1.62118e-11 4.9952e-12
6.77638e-09 -4.80977e-09 235.863 135.713 -2.6686e-11 -1.52112e-13
-1.11352e-08 1.09208e-08 -134.584 198.247 8.84095e-12 2.04994e-11
6.06027e-09 -6.50832e-09 171.075 63.4039 -3.87966e-11 3.0041e-11
-1.14681e-08 1.07314e-08 -21.2504 -27.1129 -4.90499e-12 5.98648e-11
-9.05494e-09 2.63026e-08 7.21258 217.374 -1.24049e-11 -8.02642e-12
-7.92204e-09 2.53473e-08 -80.4109 211.521 -2.52767e-11 2.39987e-11
-9.0251e-09 2.56319e-08 -60.9196 151.619 1.67796e-11 -8.11245e-12
-9.21669e-09 2.59562e-08 -102.873 204.921 3.44277e-11 -5.29732e-11
-9.65731e-09 2.58844e-08 -198.295 452.632 -1.08587e-11 4.23714e-12
-1.01295e-08 2.59782e-08 -134.151 354.323 2.49397e-11 1.53766e-11
-9.56891e-09 2.65641e-08 -43.2612 126.668 -9.85385e-12 -6.60151e-12
8.19573e-09 1.11256e-09 -7.45348 -42.8962 -6.54618e-12 -1.85685e-11
8.65974e-09 9.05199e-10 -179.485 -17.0833 -4.74853e-12 3.85751e-11
8.72049e-09 5.07826e-10 -36.2159 23.7819 5.24464e-12 1.56463e-11
8.09658e-09 4.57569e-10 -114.992 72.5094 -1.93932e-11 -1.88582e-11
8.11107e-09 7.11431e-11 95.2428 -98.0407 1.39546e-11 -9.20489e-12
7.79461e-09 -5.9652e-10 -7.92724 -2.68159 1.03436e-11 3.00385e-11
7.82087e-09 -9.60531e-10 -61.136 -9.46736 -3.02943e-11 -1.88307e-11
7.45677e-09 -1.18847e-09 -98.2997 -27.1887 1.71981e-11 -6.05881e-11
6.76576e-09 -1.63957e-09 -29.514 -43.0429 -1.92775e-11 7.47878e-11
7.45208e-09 -4.53359e-09 149.211 162.685 4.21801e-12 4.77231e-12
5.99349e-09 -6.8881e-09 86.8547 237.086 -5.52512e-11 -1.41887e-11
-8.56492e-09 -2.64829e-10 -121.608 17.7399 -8.13197e-12 7.52649e-12
5.67714e-09 -6.16261e-09 106.086 30.3 -1.21183e-11 -1.63109e-11
4.93805e-09 -6.76288e-09 12.3595 -10.5832 1.40618e-11 2.82753e-13
-9.85603e-09 2.62396e-08 -43.1454 159.19 1.45004e-11 2.11721e-12
-8.03771e-09 2.5724e-08 -14.6222 227.34 -1.73899e-11 -1.40059e-11
-8.84528e-09 2.59739e-08 -26.3615 215.91 1.61696e-11 -8.21459e-12
-9.45821e-09 2.62044e-08 13.0959 298.734 -5.15029e-11 5.78125e-11
5.38683e-09 -6.95863e-09 120.035 -146.764 2.40741e-11 7.94262e-12
4.35829e-09 -5.46549e-09 132.567 -116.609 -3.48636e-11 3.33862e-11
7.94288e-09 8.01167e-10 -67.9798 17.8173 9.95661e-11 5.74835e-13
7.62301e-09 9.37814e-10 -124.26 -127.545 -3.69259e-11 1.91365e-11
8.36181e-09 7.21259e-10 24.9507 49.8515 -5.42162e-11 -3.36585e-11
7.77224e-09 2.0873e-10 19.9706 112.067 -2.021e-11 -1.45432e-11
7.7966e-09 -1.56915e-10 39.2502 -21.409 -4.03628e-11 -1.90337e-11
7.39783e-09 -8.40874e-10 301.336 80.4191 5.37415e-11 7.19117e-11
7.07271e-09 -6.73321e-10 42.1551 29.2001 3.75492e-12 8.78044e-11
7.0841e-09 -1.01923e-09 -100.572 57.0388 3.35458e-11 -9.587e-11
6.12402e-09 -2.80768e-09 168.701 9.76073 -5.08646e-11 3.23737e-12
6.74884e-09 -4.11263e-09 157.944 139.887 -9.48081e-12 1.1859e-11
6.32172e-09 -6.75648e-09 57.1356 -102.69 7.13464e-11 -1.20792e-12
7.10426e-09 -3.96048e-09 114.282 -46.1667 -8.75585e-12 1.50031e-11
6.42405e-09 -5.4076e-09 79.8045 78.2984 -2.83329e-12 5.70839e-12
5.79645e-09 -5.80768e-09 55.4875 -208.936 -3.65066e-11 -7.96889e-12
-8.88751e-09 3.37412e-11 -100.671 -102.139 8.13197e-12 -7.52649e-12
5.67554e-09 -6.66053e-09 154.123 -63.3362 1.62206e-12 2.20911e-12
4.90328e-09 -6.33484e-09 173.839 86.9974 1.45257e-11 2.24988e-12
5.29014e-09 -6.60242e-09 292.227 -57.6836 -8.28087e-12 2.48477e-11
5.10685e-09 -5.48341e-09 185.85 -128.088 -3.2833e-11 4.0249e-11
4.71328e-09 -5.97908e-09 221.808 -54.7932 -8.70942e-12 -1.95822e-11
7.82535e-09 1.26346e-09 -56.0596 110.636 -3.41273e-12 -1.22689e-11
7.33667e-09 7.0111e-10 148.666 8.75114 -1.29934e-11 -5.78776e-13
7.67762e-09 5.51177e-10 -93.4667 98.3683 -3.66833e-12 3.20553e-11
7.38525e-09 3.16884e-10 -73.387 -9.0432 -2.09428e-11 9.71135e-11
7.4668e-09 -4.26721e-10 -93.5806 28.2271 -2.23327e-11 1.07133e-11
7.41244e-09 -2.52773e-11 -177.546 89.9481 2.58457e-11 -1.14652e-10
7.0853e-09 -3.11826e-10 -31.2591 -137.346 1.15081e-11 4.6128e-11
6.76122e-09 -8.58526e-10 -1.36964 143.38 -7.33032e-11 5.54211e-12
7.13355e-09 -1.39258e-09 -149.989 -60.2084 3.10564e-12 1.89547e-12
6.06703e-09 -2.42155e-09 -8.88784 -85.3932 3.59788e-12 8.06629e-12
6.75911e-09 -5.19299e-09 104.334 -99.8294 -8.89649e-12 -1.06154e-12
7.14596e-09 -4.74855e-09 246.306 -42.8469 -8.36992e-13 -5.25257e-12
6.10112e-09 -5.61883e-09 -35.7959 188.488 2.05765e-11 3.59221e-11
5.41698e-09 -5.67906e-09 189.894 -15.7114 2.87473e-11 -7.81221e-12
6.06913e-09 -4.81735e-09 150.219 -1.62973 1.59357e-11 6.833e-12
5.29551e-09 -6.20767e-09 78.5075 -30.5482 -1.41739e-11 1.6921e-12
5.06017e-09 -5.85039e-09 193.72 -214.951 1.48681e-11 -1.4032e-11
5.43815e-09 -5.2864e-09 -52.1461 -56.4439 -2.37963e-11 2.51129e-11
5.44821e-09 -4.87495e-09 176.676 -177.621 -3.72645e-11 7.06998e-12
4.35036e-09 -5.84657e-09 177.141 -85.2712 1.51383e-11 5.92535e-12
7.40468e-09 1.4718e-09 -50.5693 -45.1534 8.76084e-12 4.02507e-11
7.31437e-09 1.12686e-09 55.9548 84.2868 -1.044e-11 -3.01472e-11
7.02246e-09 9.06915e-10 -35.7201 37.7729 -1.99912e-11 -5.78049e-12
7.00919e-09 5.02789e-10 87.5969 15.9218 2.52891e-11 -5.64635e-12
6.66518e-09 3.59196e-10 -21.4023 -66.2429 2.17432e-12 -5.6695e-11
7.05632e-09 9.06013e-11 38.8179 -2.76366 -7.11692e-12 1.44645e-11
6.69337e-09 -2.87423e-11 -179.988 -45.3332 1.3195e-11 -4.33473e-12
6.71455e-09 -4.03761e-10 -220.616 -94.5669 1.18828e-11 -3.4886e-11
6.79997e-09 -1.24643e-09 -38.7938 -17.2244 -5.97564e-11 -7.96661e-12
6.42462e-09 -2.58271e-09 -98.5676 101.243 8.89186e-12 -5.58604e-12
6.09432e-09 -3.24444e-09 41.6007 -83.4411 -2.07939e-11 2.27163e-11
6.38767e-09 -4.25877e-09 111.874 -60.4697 -3.89589e-12 4.58383e-11
6.39544e-09 -5.84163e-09 218.687 60.6304 1.02318e-12 -2.12065e-12
6.10028e-09 -5.19092e-09 224.33 -176.123 2.60207e-11 -4.51051e-11
6.42482e-09 -5.00371e-09 49.7442 -145.688 4.75908e-12 5.98743e-12
6.78363e-09 -3.18938e-09 158.828 74.5261 -3.61431e-11 -2.33036e-11
5.77074e-09 -5.05075e-09 160.11 -78.4091 -3.19457e-11 2.19995e-11
5.71565e-09 -4.23069e-09 104.287 -87.1324 -9.72145e-12 -6.96717e-12
5.77669e-09 -5.42086e-09 155.9 38.4935 2.0113e-11 -2.72604e-11
5.74354e-09 -4.6405e-09 194.799 -91.8423 -2.31244e-11 3.75007e-12
7.09399e-09 1.72624e-09 -162.738 114.86 -4.02171e-12 2.75111e-11
7.03055e-09 1.37273e-09 -88.1397 203.474 -2.68619e-11 -4.53049e-11
6.70394e-09 1.1238e-09 -195.473 -208.244 -2.13653e-12 6.38606e-12
6.69771e-09 7.15649e-10 -234.205 -7.69637 -1.80318e-11 4.90741e-11
6.33343e-09 5.30653e-10 -172.972 -62.6264 -1.02518e-11 1.17464e-11
6.35879e-09 1.26213e-10 18.7722 183.327 -2.95524e-11 1.05875e-11
6.36723e-09 -2.7355e-10 -29.2368 -103.745 -4.613e-12 2.99609e-11
6.37837e-09 -6.52598e-10 3.77008 -0.709515 1.96699e-11 6.95519e-12
6.39107e-09 -1.03868e-09 -141.177 -72.5815 6.49639e-11 3.72913e-11
6.08953e-09 -1.22754e-09 110.222 -112.241 -6.15083e-11 -4.21945e-11
6.04687e-09 -1.64395e-09 49.0071 166.348 6.3067e-13 1.9977e-11
6.42406e-09 -3.38592e-09 85.1754 -30.3576 4.13989e-11 -3.61287e-11
6.04584e-09 -3.63732e-09 21.9039 -64.9234 3.63689e-11 2.37732e-12
6.38959e-09 -4.62032e-09 158.486 31.4757 4.87016e-12 -2.8368e-11
5.40444e-09 -2.80955e-09 -116.771 32.9288 7.16348e-12 -1.60589e-11
5.72745e-09 -3.86132e-09 107.879 -177.685 3.28344e-11 8.04924e-12
6.08649e-09 -4.00484e-09 14.567 -33.2221 -5.15485e-12 -3.23746e-11
5.43488e-09 -3.65003e-09 -34.4285 -177.392 -2.88655e-11 2.05072e-11
6.0294e-09 -4.40526e-09 13.2692 -173.776 5.50262e-11 -1.48528e-11
4.67893e-09 -5.60888e-09 151.999 -62.0798 5.97879e-11 -4.42788e-11
6.68486e-09 1.90036e-09 86.8969 -116.238 8.19451e-13 -1.61092e-12
6.65478e-09 1.52854e-09 -182.078 6.76669 2.53413e-11 -2.37213e-11
6.35149e-09 1.3041e-09 -94.0024 17.2292 3.44663e-12 1.904e-11
6.36159e-09 9.27366e-10 -26.7057 -196.377 2.15724e-13 -1.15612e-11
6.00198e-09 7.75938e-10 -221.576 -88.0069 1.67609e-11 -5.24038e-11
5.97251e-09 3.8617e-10 13.2372 -214.817 8.36609e-12 -1.62672e-11
5.99688e-09 -3.85941e-11 -49.5341 -181.894 8.50743e-12 -1.90333e-12
6.03174e-09 -4.41126e-10 -141.827 -61.0829 -1.41024e-11 -8.79044e-12
6.06606e-09 -8.54564e-10 -19.6623 -15.9388 -2.71075e-11 2.61533e-11
5.73126e-09 -1.03222e-09 -9.09821 -89.0808 2.65717e-12 -1.90222e-11
5.73462e-09 -1.41533e-09 92.5814 -44.51 1.39099e-11 -1.25787e-11
5.70742e-09 -1.81887e-09 -25.2837 -4.21677 -9.64772e-12 -3.74192e-12
5.74112e-09 -2.62612e-09 35.8044 -188.889 9.75537e-12 -4.34934e-12
5.7146e-09 -2.20887e-09 -16.8534 58.735 4.18341e-11 -8.77883e-12
5.41173e-09 -2.4263e-09 82.0323 -139.542 -2.18979e-11 -4.02875e-11
5.77091e-09 -3.05015e-09 188.791 -86.4866 -1.29052e-11 3.91648e-11
5.75771e-09 -3.4187e-09 175.936 27.6574 -4.4383e-11 -8.40934e-12
5.09462e-09 -3.84761e-09 69.2859 -112.466 -2.35692e-11 -7.48638e-12
5.39232e-09 -4.05252e-09 93.9165 -30.4967 1.61013e-11 -5.38965e-12
5.07183e-09 -4.68655e-09 100.693 -109.219 2.04384e-11 1.91479e-11
6.35921e-09 2.10001e-09 -79.8572 184.822 1.567e-12 -6.15707e-12
6.32546e-09 1.70852e-09 15.0556 -137.835 1.16143e-11 1.31374e-12
6.00717e-09 1.50865e-09 -88.7505 -20.0686 4.32734e-11 2.19997e-11
6.01911e-09 1.13712e-09 -150.263 -45.7039 2.39446e-12 -2.89608e-12
5.66487e-09 9.2213e-10 89.2997 -100.692 -1.77559e-11 3.58996e-11
5.63584e-09 5.55574e-10 -16.173 87.0855 -3.28647e-12 -2.13821e-11
5.64988e-09 1.43234e-10 -156.49 -68.5587 1.68057e-11 1.77556e-11
5.666e-09 -2.4436e-10 -106.299 -172.988 4.18818e-12 -1.09053e-11
5.69923e-09 -6.56201e-10 36.9814 -48.8829 2.36964e-11 7.42512e-12
5.38601e-09 -8.81081e-10 -55.7056 -163.202 1.08751e-12 -1.85082e-11
5.38218e-09 -1.29238e-09 -93.7196 -138.591 -1.34079e-11 8.15604e-12
5.29105e-09 -1.68632e-09 -54.5875 -116.091 1.21354e-10 1.01752e-11
5.37368e-09 -2.0666e-09 94.6622 -91.5368 -2.69389e-11 4.51183e-11
5.01885e-09 -2.26432e-09 26.9218 -220.943 6.02117e-11 -3.58739e-11
5.06675e-09 -2.6477e-09 90.2858 -22.199 4.71453e-11 -1.16631e-11
5.06117e-09 -3.029e-09 -15.6196 -9.47421 6.76392e-11 -2.23506e-11
5.39441e-09 -3.19555e-09 -88.4741 32.4933 1.75383e-11 -2.18249e-11
5.07183e-09 -4.26002e-09 92.3518 -46.8546 9.53087e-12 -2.69284e-12
5.40211e-09 -4.44649e-09 -15.296 -77.7633 -8.14842e-14 -1.63177e-11
5.08909e-09 -5.06072e-09 -48.309 -173.009 1.80628e-11 -2.1237e-11
5.74981e-09 2.2314e-09 -164.148 83.2285 1.33773e-11 -1.84158e-11
6.02258e-09 1.93039e-09 -149.382 -209.266 -4.81086e-12 5.1952e-12
5.71183e-09 1.73207e-09 54.8864 -143.722 -3.95936e-11 -6.39288e-12
5.69914e-09 1.32276e-09 -39.7658 -83.0345 -4.54622e-11 -1.97726e-11
5.33088e-09 1.11538e-09 -62.6431 46.0101 3.88444e-12 3.93381e-12
5.28872e-09 7.2696e-10 -34.1582 -112.146 4.68039e-11 2.70523e-11
5.31319e-09 3.38302e-10 158.539 -203.051 1.57676e-11 7.75994e-12
5.32427e-09 -4.29142e-11 54.015 -85.3889 -1.36234e-11 -2.37436e-11
5.36561e-09 -4.95222e-10 -51.4437 93.4565 -8.29361e-12 1.30764e-11
5.04214e-09 -1.1055e-09 -20.9213 -66.7008 -6.36759e-12 8.52091e-12
5.00273e-09 -1.48454e-09 -13.5024 -16.3794 -4.77584e-11 3.4507e-11
5.00678e-09 -1.88833e-09 75.1318 -99.3047 -3.8124e-11 -3.54667e-11
4.7006e-09 -2.11067e-09 111.64 -76.0039 -1.90669e-11 2.51545e-11
4.73126e-09 -2.53947e-09 65.4147 -199.581 -5.25397e-11 5.94219e-11
4.73373e-09 -2.90667e-09 50.176 -6.75726 -4.56507e-11 5.95871e-11
4.76693e-09 -3.26597e-09 3.92807 -130.488 -8.1323e-12 -4.41621e-11
5.09033e-09 -3.47575e-09 -3.97954 -43.8256 1.44928e-11 3.27067e-11
4.75724e-09 -4.05905e-09 51.7972 -43.92 -1.05465e-11 4.35622e-12
4.75885e-09 -4.47299e-09 5.32513 -17.4554 7.9395e-12 2.906e-11
4.75729e-09 -5.25358e-09 109.817 -147.312 -4.21506e-12 1.70503e-11
5.38452e-09 2.2941e-09 -82.7899 -192.455 -3.17293e-11 -2.16984e-11
5.35399e-09 1.92021e-09 -25.4725 -70.8438 1.56079e-11 -2.10901e-11
5.01865e-09 1.72791e-09 -50.4375 -48.0804 -2.64609e-12 -6.3295e-12
5.37827e-09 1.51705e-09 -76.909 -62.6825 5.11423e-12 1.88813e-11
5.04341e-09 1.36622e-09 30.861 35.6988 -3.77221e-11 -4.36485e-11
4.9599e-09 9.20433e-10 -54.9816 49.1124 1.06365e-10 -4.13677e-11
4.98685e-09 5.34862e-10 -151.991 -13.2534 -3.73757e-11 -7.13574e-13
4.98479e-09 1.63181e-10 70.0252 102.539 1.3583e-11 -2.1775e-11
5.02747e-09 -3.21296e-10 -82.059 -72.2206 5.93213e-12 1.56013e-12
5.05294e-09 -7.21617e-10 -37.3748 13.2752 -3.04749e-11 1.89907e-11
4.68704e-09 -1.69955e-09 15.3313 -132.12 1.53067e-11 2.76427e-11
4.39273e-09 -1.90484e-09 -59.0234 -129.885 8.20557e-12 2.25333e-11
4.38196e-09 -2.28714e-09 -54.1708 -100.413 2.16619e-11 -2.88953e-11
4.39293e-09 -2.70376e-09 2.4761 -49.8062 1.73593e-11 1.80261e-11
4.42056e-09 -3.09494e-09 -2.86038 5.23695 -1.56423e-11 -9.4614e-12
4.43348e-09 -3.48821e-09 121.801 -149.067 -1.74402e-11 2.01545e-11
4.76312e-09 -3.66024e-09 -37.4496 -67.7392 -3.99335e-12 -1.50441e-11
4.41958e-09 -3.87065e-09 180.163 -206.932 6.95265e-12 1.17291e-11
4.43546e-09 -4.64015e-09 214.258 -171.323 -3.75601e-11 -4.1737e-12
4.40346e-09 -5.0164e-09 75.4404 -66.0269 -7.23489e-12 -2.28223e-11
5.00462e-09 2.43927e-09 -0.888433 3.11783 6.12085e-11 2.34728e-11
5.01903e-09 2.0903e-09 -154.969 -72.3696 -8.28714e-12 -3.19347e-11
4.67502e-09 1.9057e-09 -119.487 -86.8552 -1.08367e-11 5.1573e-12
4.64091e-09 1.52866e-09 -33.4508 -156.416 5.50829e-11 -3.02638e-11
4.68447e-09 1.12364e-09 32.5007 -56.3142 -8.87816e-11 6.48163e-11
4.64393e-09 7.26776e-10 -12.6244 -93.5427 3.71263e-11 -3.40928e-11
4.65844e-09 3.47537e-10 2.30837 -25.6742 -2.43161e-11 -1.27207e-11
4.72305e-09 -9.79614e-11 -54.1258 -228.079 -3.50408e-11 -8.36738e-12
4.67876e-09 -4.96753e-10 -66.0457 -191.55 3.2185e-11 -1.75171e-11
4.68854e-09 -8.8617e-10 -174.917 -104.183 1.13681e-12 -1.12584e-11
4.63127e-09 -1.2919e-09 34.236 -28.2475 3.86231e-11 9.93825e-12
4.34471e-09 -1.51992e-09 -41.229 -6.21064 -1.52215e-11 2.88827e-12
4.08397e-09 -2.071e-09 -19.198 -108.722 -8.16149e-11 -1.82324e-11
4.06856e-09 -2.47372e-09 156.548 -4.82722 2.9009e-11 1.05995e-11
4.08861e-09 -2.90017e-09 115.812 -169.793 3.35839e-13 3.55683e-13
4.08493e-09 -3.2706e-09 23.6334 -95.6342 -3.11561e-12 -2.21649e-11
4.07922e-09 -3.65458e-09 17.2539 -116.208 -1.62691e-12 -1.20002e-11
4.10192e-09 -4.07344e-09 154.344 -155.892 -6.42547e-11 3.05552e-11
4.40941e-09 -4.25274e-09 86.1495 -130.012 5.53042e-11 -2.96187e-11
4.03339e-09 -4.86748e-09 43.5332 13.9729 3.17831e-11 5.51396e-13
4.75301e-09 2.6821e-09 -1.65658 -55.395 -6.37607e-11 4.07362e-11
4.64824e-09 2.28528e-09 -101.688 -3.94363 1.54588e-11 1.50122e-11
4.31204e-09 2.11397e-09 -42.6461 2.83634 6.55665e-12 -8.92966e-12
4.32613e-09 1.69895e-09 -190.037 -55.5222 2.21529e-11 1.6029e-11
4.33764e-09 1.29648e-09 -63.3157 -107.055 -5.54834e-12 -1.89496e-12
4.34164e-09 9.0789e-10 14.4112 -36.8205 -5.14376e-11 4.34924e-11
4.30081e-09 5.28983e-10 -160.961 -31.875 3.46432e-11 -2.76067e-11
4.33729e-09 8.55489e-11 -144.127 -25.5086 3.81298e-12 1.1647e-11
4.36902e-09 -3.0739e-10 -65.8828 -177.194 -3.40687e-11 2.20008e-11
4.3414e-09 -7.02247e-10 -53.1321 -23.3645 -5.58589e-12 -7.27339e-13
4.29577e-09 -1.11381e-09 -39.6342 -52.4391 5.07926e-11 1.19661e-11
4.01093e-09 -1.68804e-09 79.2385 -141.158 3.2361e-12 9.31362e-12
3.75194e-09 -2.26204e-09 227.05 -196.194 3.10694e-12 -2.33816e-12
3.78862e-09 -2.69141e-09 -24.7327 -260.591 -6.48244e-11 -7.60659e-12
3.75406e-09 -3.07298e-09 -75.4489 -138.544 3.52912e-11 -2.39078e-11
3.72874e-09 -3.44381e-09 140.087 -129.883 9.37745e-11 -6.80043e-11
3.74722e-09 -3.86777e-09 -84.8119 -15.2487 1.66248e-11 4.52257e-12
3.75449e-09 -4.31272e-09 -25.9943 -42.0705 -1.94751e-11 6.48973e-11
4.08549e-09 -4.45533e-09 219.089 -239.403 2.63319e-11 -3.35145e-11
3.71859e-09 -4.67601e-09 342.831 -133.175 6.15921e-12 -1.22306e-11
4.43223e-09 2.92565e-09 -122.75 -32.4622 1.52772e-12 -1.57027e-12
4.36354e-09 2.55972e-09 -97.8725 -95.1895 3.98287e-11 -4.5111e-11
4.02536e-09 2.36982e-09 -189.684 -5.95094 7.27056e-12 -6.33879e-12
4.01327e-09 1.5038e-09 -13.3019 -111.313 -1.4305e-12 -4.43168e-11
3.95256e-09 1.1105e-09 -196.971 -207.735 3.85228e-11 1.79121e-11
3.99883e-09 7.30138e-10 -178.234 -107.352 -5.96847e-12 1.44791e-11
3.98046e-09 3.12218e-10 97.0184 -93.7968 8.90214e-11 -5.08787e-11
3.9932e-09 -1.01335e-10 34.3495 -235.768 1.24246e-11 -5.38681e-12
3.9767e-09 -4.92232e-10 121.497 20.5821 3.72648e-12 -4.99099e-12
3.9936e-09 -8.99261e-10 31.8647 -39.5085 -1.69017e-11 7.08817e-11
3.96304e-09 -1.25256e-09 9.60044 -88.2971 5.66233e-11 -1.23916e-10
3.63786e-09 -1.50027e-09 1.72898 -103.641 2.21933e-11 1.39512e-12
3.69498e-09 -1.88167e-09 9.33034 25.1124 -1.27288e-11 -1.36334e-11
3.37864e-09 -2.12889e-09 -35.3262 -13.1526 1.6307e-12 1.96605e-11
3.45446e-09 -2.49069e-09 -43.8656 -27.3886 -3.30702e-12 -3.28065e-11
3.41499e-09 -3.30187e-09 7.66678 -35.452 -7.41727e-11 4.87438e-11
3.40888e-09 -3.67927e-09 45.621 -173.95 1.68724e-11 -1.74108e-11
3.42796e-09 -4.06576e-09 72.9684 -196.293 -6.82135e-12 -1.06367e-11
3.41175e-09 -4.46545e-09 270.684 -55.9331 -1.29629e-11 1.32532e-11
4.04895e-09 -5.26136e-09 231.585 -140.946 3.32432e-12 2.13566e-11
5.36368e-09 2.65655e-09 -125.562 -27.1187 -1.92287e-11 2.27804e-11
5.02682e-09 2.9652e-09 31.5731 -205.835 3.83255e-14 -1.64531e-11
4.0585e-09 2.75117e-09 -40.3423 -42.9816 -1.74372e-11 2.13456e-11
4.0125e-09 1.87065e-09 -48.113 -124.127 -5.80039e-12 5.8282e-11
3.6949e-09 1.69538e-09 -69.2718 -152.44 -3.15009e-11 -8.12146e-12
3.65229e-09 8.98654e-10 -17.3363 -143.342 -1.04173e-11 -1.38886e-11
3.70053e-09 5.15764e-10 -149.582 -197.636 -8.15251e-11 3.05456e-11
3.67413e-09 9.55583e-11 -172.414 9.48652 -5.18921e-12 2.98672e-11
3.60447e-09 -2.65416e-10 -134.846 -109.539 1.86205e-11 -3.02389e-11
3.63175e-09 -7.02389e-10 44.8358 -174.034 1.23302e-11 -7.93419e-12
3.64911e-09 -1.11406e-09 129.139 -1.91067 -5.58657e-11 4.21466e-11
3.27864e-09 -1.62848e-09 19.1024 -121.097 9.11014e-12 -8.22037e-12
2.95289e-09 -2.21897e-09 43.0073 -12.4995 1.55317e-11 -2.17808e-12
3.31487e-09 -9.74359e-10 13.8216 -39.9257 -1.46912e-11 1.5477e-11
3.13929e-09 -2.72102e-09 -61.4812 -44.5236 -3.73078e-11 1.68089e-11
3.4527e-09 -2.88848e-09 129.201 -154.902 -6.16813e-12 -2.41235e-12
3.08723e-09 -3.12714e-09 133.845 -46.5412 9.48675e-12 1.52766e-11
3.0726e-09 -3.52945e-09 108.598 -110.389 1.03794e-14 1.31309e-11
3.04155e-09 -3.9207e-09 6.03772 -205.964 2.33689e-11 1.06994e-11
2.76195e-09 -3.31643e-09 106.142 -167.906 -5.74738e-12 -1.98287e-13
